       1.0     6.0    19.5     7.0    53.6    88.0 
       6.0    18.0   135.0     4.0    61.8   123.0 
       1.0    26.0     4.0    71.8   196.0    42.0 
     112.0
       1.0     2.0    19.0     5.4    49.0    51.0 
       1.0    18.0    99.0     5.0    64.8   107.0 
       2.0    22.0     4.0    70.0   145.0    37.0 
     140.0
       1.0     3.0    20.3     7.3    51.3    58.0 
       2.0    20.0   121.0     2.0    62.0   132.0 
       1.0    21.0     5.0    71.0   165.0    54.0 
     114.0
       1.0     9.0    18.5     7.5    50.5    60.0 
       6.0    20.0   140.0     4.0    65.4   144.0 
       5.0    20.0     4.0    71.0   190.0    86.0 
     180.0
       1.0     5.0    20.0     6.3    52.4    66.0 
       6.0    20.0   102.0     2.0    64.0   120.0 
       1.0    21.0     4.0    70.5   150.0    89.0 
     150.0
       1.0     5.0    20.0     6.4    54.0    74.0 
       6.0    20.0   102.0     4.0    63.8   121.0 
       2.0    22.0     2.0    66.0   151.0    96.0 
     126.0
       1.0     5.0    20.0     7.3    49.9    62.0 
       6.0    20.0   112.0     2.0    63.1   121.0 
       4.0    20.0     4.0    68.0   140.0    44.0 
     144.0
       1.0     1.0    21.0     8.9    57.9    69.0 
       2.0    21.0   201.0     4.0    66.4   205.0 
       4.0    32.0     4.0    72.0   184.0    46.0 
      45.0
       1.0     6.0    17.0     4.2    50.4    51.0 
       6.0    21.0    96.0     4.0    61.8   103.0 
       4.0    24.0     4.0    70.0   160.0    48.0 
      74.0
       1.0     5.0    21.0     7.2    53.0    88.0 
       5.0    21.0   116.0     1.0    64.3   126.0 
       4.0    25.0     1.0    67.0   145.0    63.0 
     156.0
       1.0     1.0    20.0     7.1    52.4    81.0 
       1.0    22.0   160.0     4.0    65.9   174.0 
       4.0    26.0     4.0    71.0   220.0    40.0 
     193.0
       1.0     5.0    19.0     6.4    49.6    56.0 
       5.0    22.0    97.0     4.0    61.7   117.0 
       1.0    26.0     4.0    74.0   230.0    60.0 
     116.0
       1.0     5.0    19.5     6.1    51.9    74.0 
       5.0    22.0   140.0     4.0    65.8   140.0 
       4.0    25.0     4.0    73.0   165.0    73.0 
     260.0
       1.0     5.0    18.0     4.9    55.3    67.0 
       5.0    22.0   132.0     2.0    70.0   134.0 
       1.0    25.0     1.0    72.0   180.0    60.0 
     156.0
       1.0     7.0    19.5     6.6    55.6    80.0 
       2.0    23.0   119.0     2.0    62.0   150.0 
       4.0    24.0     4.0    77.5   240.0    76.0 
     305.0
       1.0     2.0    20.0     7.9    54.0    80.0 
       1.0    23.0   138.0     5.0    67.3   152.0 
       5.0    29.0     5.0    71.0   158.0    70.0 
     190.0
       1.0     5.0    17.0     3.9    53.1    60.0 
       5.0    23.0   118.0     4.0    65.5   121.0 
       5.0    23.0     5.0    70.8   150.0    90.0 
     150.0
       1.0     7.0    20.5     7.7    54.4    63.0 
       5.0    24.0   158.0     1.0    67.9   147.0 
       1.0    25.0     1.0    74.0   200.0    68.0 
     194.0
       1.0     9.0    19.5     7.2    59.6    96.0 
       5.0    24.0   118.0     4.0    67.9   125.0 
       4.0    24.0     4.0    77.0   230.0    78.0 
     185.0
       1.0     6.0    21.5     9.3    54.1    75.0 
       1.0    24.0   125.0     1.0    64.0   146.0 
       1.0    29.0     5.0    69.0   190.0    42.0 
     220.0
       1.0     5.0    18.5     5.8    55.0    60.0 
       5.0    24.0   105.0     1.0    63.1   122.0 
       2.0    42.0     4.0    68.0   165.0    14.0 
      94.0
       1.0     6.0    21.0     7.9    51.1    63.0 
       6.0    24.0   118.0     2.0    64.0   125.0 
       4.0    27.0     4.0    65.5   125.0    97.0 
     215.0
       1.0     7.0    19.0     5.4    52.6    72.0 
       7.0    24.0   117.0     4.0    63.7   119.0 
       2.0    24.0     4.0    69.3   151.0    54.0 
     120.0
       1.0     5.0    20.5     7.3    53.3    59.0 
       5.0    24.0   128.0     4.0    67.0   122.0 
       4.0    24.0     5.0    68.1   178.0    17.0 
     135.0
       1.0     5.0    20.5     7.8    49.9    55.0 
       5.0    25.0   176.0     1.0    64.3   170.0 
       1.0    27.0     4.0    64.0   200.0    85.0 
      61.0
       1.0     5.0    20.0     6.3    53.5    74.0 
       5.0    25.0   109.0     4.0    63.8   110.0 
       5.0    32.0     2.0    72.0   190.0    80.0 
      61.0
       1.0     6.0    22.0     8.4    53.5    65.0 
       6.0    25.0   127.0     2.0    65.5   133.0 
       2.0    27.0     5.0    71.0   169.0    66.0 
     125.0
       1.0     6.0    20.0     6.8    52.3    58.0 
       5.0    25.0   172.0     4.0    62.9   149.0 
       5.0    29.0     4.0    71.5   175.0    64.0 
     173.0
       1.0     5.0    21.5     9.4    57.6    85.0 
       5.0    25.0   142.0     1.0    65.9   139.0 
       1.0    26.0     1.0    68.0   156.0    60.0 
      78.0
       1.0     6.0    20.5     6.8    57.3    80.0 
       5.0    25.0   114.0     2.0    66.4   142.0 
       2.0    31.0     1.0    71.3   177.0   113.0 
     180.0
       1.0     9.0    20.5     6.9    52.9    53.0 
       6.0    25.0   110.0     1.0    63.7   118.0 
       1.0    27.0     1.0    74.4   284.0    72.0 
     180.0
       1.0     7.0    20.0     6.2    52.2    70.0 
       7.0    25.0   120.0     1.0    64.9   127.0 
       1.0    25.0     1.0    69.0   170.0    39.0 
     106.0
       1.0     6.0    19.5     6.7    51.9    74.0 
       5.0    25.0   113.0     4.0    58.4   111.0 
       1.0    33.0     3.0    67.0   135.0    50.0 
     120.0
       1.0     9.0    20.5     7.6    54.1    60.0 
       1.0    26.0   108.0     1.0    62.8   113.0 
       1.0    26.0     1.0    71.0   173.0   102.0 
     182.0
       1.0     5.0    21.0     7.1    51.1    64.0 
       7.0    27.0   154.0     4.0    66.8   181.0 
       2.0    37.0     4.0    70.0   175.0    91.0 
     120.0
       1.0     6.0    21.0     8.1    56.0    82.0 
       6.0    27.0   130.0     1.0    68.6   129.0 
       1.0    26.0     2.0    69.0   155.0    45.0 
     150.0
       1.0     2.0    20.0     7.5    53.4    78.0 
       6.0    27.0   185.0     2.0    66.7   163.0 
       2.0    37.0     1.0    73.0   184.0    34.0 
      70.0
       1.0     1.0    20.0     7.4    52.9    57.0 
       5.0    28.0   202.0     1.0    67.5   175.0 
       1.0    39.0     1.0    72.0   155.0    65.0 
     174.0
       1.0     7.0    18.5     5.0    52.8    86.0 
       7.0    28.0   107.0     4.0    62.2   119.0 
       4.0    33.0     4.0    66.0   145.0   125.0 
     208.0
       1.0     5.0    18.0     5.1    50.3    60.0 
       5.0    28.0   125.0     2.0    65.1   138.0 
       2.0    30.0     4.0    70.0   183.0    75.0 
     190.0
       1.0     4.0    21.0     8.3    54.4    82.0 
       6.0    29.0   153.0     2.0    67.8   165.0 
       3.0    38.0     4.0    68.0   165.0    64.0 
     216.0
       1.0     5.0    19.0     6.3    49.4    61.0 
       5.0    29.0   132.0     4.0    65.2   142.0 
       4.0    27.0     5.0    64.5   170.0   135.0 
     200.0
       1.0     9.0    21.0     8.3    51.4    64.0 
       9.0    30.0   110.0     2.0    64.1   126.0 
       5.0    37.0     4.0    69.0   160.0    72.0 
     195.0
       1.0     9.0    19.0     6.4    50.7    53.0 
       5.0    30.0   135.0     4.0    65.2   159.0 
       5.0    28.0     4.0    73.5   155.0    88.0 
     210.0
       1.0     7.0    20.5     6.9    53.5    66.0 
       5.0    31.0   130.0     4.0    66.5   142.0 
       4.0    32.0     1.0    71.5   190.0   139.0 
     224.0
       1.0     6.0    19.5     5.4    52.2    69.0 
       5.0    31.0   110.0     2.0    64.8   115.0 
       2.0    35.0     1.0    73.0   208.0   116.0 
     140.0
       1.0     5.0    20.0     6.6    52.9    64.0 
       5.0    32.0   117.0     4.0    65.4   121.0 
       5.0    27.0     2.0    70.0   230.0    90.0 
     200.0
       1.0     6.0    22.0     9.2    57.3    68.0 
       6.0    32.0   130.0     1.0    66.3   123.0 
       1.0    38.0     1.0    74.0   175.0   111.0 
     190.0
       1.0     5.0    20.0     6.6    50.7    54.0 
       6.0    32.0   120.0     4.0    63.1   133.0 
       4.0    37.0     5.0    71.0   185.0    65.0 
      93.0
       1.0     5.0    21.5     8.3    52.4    79.0 
       5.0    32.0   125.0     1.0    63.3   145.0 
       1.0    36.0     2.0    64.0   155.0    46.0 
     104.0
       1.0     5.0    19.5     6.1    50.3    60.0 
       6.0    34.0   130.0     1.0    64.4   148.0 
       1.0    41.0     5.0    66.0   185.0   115.0 
     187.0
       1.0     6.0    20.0     7.1    51.6    66.0 
       6.0    35.0   125.0     1.0    60.5   135.0 
       1.0    43.0     1.0    62.3   109.0    96.0 
     126.0
       1.0     6.0    22.5    10.8    52.9    89.0 
       6.0    35.0   155.0     1.0    65.6   172.0 
       1.0    35.0     4.0    66.0   200.0    55.0 
     156.0
       1.0     5.0    20.0     7.3    57.4    84.0 
       5.0    37.0   125.0     5.0    64.6   156.0 
       5.0    36.0     5.0    68.3   167.0    54.0 
     120.0
       1.0     6.0    21.5     8.0    54.3    98.0 
       6.0    37.0   230.0     1.0    66.0   255.0 
       1.0    39.0     1.0    68.0   180.0    75.0 
      96.0
       1.0     2.0    19.0     6.0    52.2    60.0 
       6.0    37.0   127.0     1.0    63.7   164.0 
       1.0    39.0     4.0    66.0   152.0    99.0 
     280.0
       1.0     8.0    21.0     7.8    55.2    76.0 
       6.0    38.0   120.0     2.0    62.9   129.0 
       2.0    37.0     4.0    71.0   175.0   100.0 
     290.0
       1.0     3.0    20.0     7.2    49.6    56.0 
       1.0    40.0   120.0     4.0    62.8   119.0 
       1.0    36.0     1.0    66.5   156.0    70.0 
     196.0
       1.0     5.0    21.0     7.5    54.4    76.0 
       5.0    41.0   160.0     1.0    64.0   175.0 
       1.0    37.0     1.0    66.0   155.0    36.0 
      55.0
       1.0     5.0    20.0     5.7    54.7    94.0 
       5.0    15.0   125.0     2.0    66.0   135.0 
       1.0    21.0     1.0    70.0   170.0    22.0 
     103.0
       1.0     6.0    22.5     8.8    55.1    61.0 
       6.0    19.0   132.0     4.0    68.0   126.0 
       4.0    23.0     4.0    73.7   212.0    56.0 
     117.0
       1.0     5.0    22.0    11.0    56.9    88.0 
       5.0    19.0   180.0     1.0    68.0   225.0 
       1.0    21.0     1.0    73.0   210.0    78.0 
     140.0
       1.0     5.0    20.5     6.0    51.8    59.0 
       5.0    20.0   117.0     2.0    66.9   128.0 
       3.0    29.0     4.0    68.0   165.0    68.0 
      60.0
       1.0     6.0    20.0     8.5    53.1    71.0 
       6.0    20.0   113.0     3.0    63.1   131.0 
       1.0    23.0     3.0    74.0   195.0    85.0 
      21.0
       1.0     6.0    21.0     7.6    57.4    84.0 
       6.0    21.0   110.0     2.0    65.8   126.0 
       4.0    25.0     4.0    73.0   200.0    56.0 
     158.0
       1.0     5.0    21.0     8.1    56.1    89.0 
       1.0    21.0   147.0     4.0    66.8   153.0 
       2.0    27.0     4.0    73.0   240.0    56.0 
     318.0
       1.0     6.0    20.5     8.5    53.1    76.0 
       5.0    22.0   110.0     2.0    63.0   130.0 
       1.0    23.0     4.0    72.0   205.0    67.0 
      91.0
       1.0     5.0    21.8     9.4    54.4    72.0 
       6.0    22.0   130.0     2.0    67.0   136.0 
       3.0    23.0     5.0    73.0   190.0    46.0 
     150.0
       1.0     5.0    21.0     7.7    54.4    74.0 
       5.0    23.0   127.0     1.0    67.0   140.0 
       1.0    23.0     1.0    70.2   183.0    45.0 
     137.0
       2.0     7.0    21.0     7.4    52.4    58.0 
       3.0    23.0   113.0     1.0    66.2   121.0 
       1.0    23.0     4.0    75.0   190.0   107.0 
     170.0
       2.0     6.0    19.8     7.3    54.6    76.0 
       5.0    24.0   141.0     1.0    61.3   129.0 
       1.0    27.0     3.0    68.0   160.0    16.0 
      68.0
       2.0     6.0    21.5     7.7    57.2   102.0 
       6.0    24.0   150.0     4.0    65.1   208.0 
       4.0    29.0     4.0    69.8   198.0    86.0 
     110.0
       2.0     5.0    21.5     8.1    53.8    66.0 
       5.0    24.0   135.0     1.0    65.9   143.0 
       4.0    26.0     1.0    73.0   170.0    46.0 
     158.0
       2.0     7.0    20.5     8.4    53.8    62.0 
       7.0    24.0   110.0     1.0    62.8   112.0 
       1.0    31.0     1.0    68.0   148.0    95.0 
     170.0
       2.0     6.0    20.5     7.9    54.3    77.0 
       2.0    25.0   144.0     1.0    69.1   174.0 
       1.0    25.0     4.0    72.0   200.0    36.0 
     116.0
       2.0     5.0    19.0     5.9    54.2    74.0 
       5.0    25.0   114.0     4.0    62.8   138.0 
       5.0    27.0     5.0    70.5   165.0    90.0 
     100.0
       2.0     7.0    21.0     7.4    54.0    69.0 
       6.0    25.0   105.0     4.0    60.7    99.0 
       4.0    27.0     4.0    68.0   148.0    75.0 
      96.0
       2.0     6.0    17.5     4.5    54.4    78.0 
       6.0    25.0   200.0     4.0    66.2   211.0 
       5.0    29.0     4.0    72.0   172.0    76.0 
      88.0
       2.0     7.0    20.5     6.8    54.3    61.0 
       7.0    26.0   139.0     1.0    64.3   175.0 
       1.0    29.0     5.0    70.0   158.0    60.0 
      90.0
       2.0     6.0    22.0    10.0    56.7    82.0 
       5.0    26.0   139.0     4.0    65.8   140.0 
       4.0    23.0     3.0    74.5   210.0    60.0 
     142.0
       2.0     6.0    20.5     6.5    51.4    60.0 
       6.0    26.0   115.0     1.0    62.6   107.0 
       1.0    28.0     2.0    69.5   180.0    60.0 
     219.0
       2.0     8.0    23.0    10.6    54.3    69.0 
       6.0    26.0   140.0     1.0    66.0   144.0 
       1.0    31.0     2.0    74.0   208.0    62.0 
     176.0
       2.0     2.0    20.0     9.8    55.3    78.0 
       1.0    27.0   139.0     2.0    68.5   138.0 
       2.0    28.0     1.0    72.0   200.0    82.0 
     154.0
       2.0     9.0    18.0     5.9    49.8    58.0 
       5.0    27.0   106.0     4.0    60.9   111.0 
       5.0    30.0     5.0    70.1   165.0   109.0 
     184.0
       2.0     6.0    19.5     5.7    54.3    86.0 
       6.0    27.0   118.0     1.0    62.3   134.0 
       1.0    31.0     4.0    69.0   185.0   120.0 
     160.0
       2.0     5.0    21.5     7.9    50.6    62.0 
       1.0    27.0   111.0     1.0    64.1   158.0 
       1.0    26.0     1.0    70.5   165.0    99.0 
     254.0
       2.0     5.0    21.5     7.3    55.8    91.0 
       7.0    27.0   135.0     1.0    63.9   164.0 
       1.0    37.0     1.0    65.0   130.0   120.0 
     144.0
       2.0     5.0    20.0     7.0    58.7    96.0 
       5.0    28.0   153.0     5.0    67.1   182.0 
       5.0    40.0     4.0    75.0   200.0    43.0 
     150.0
       2.0     6.0    21.5     8.3    55.3    64.0 
       7.0    28.0   103.0     1.0    64.7   110.0 
       1.0    29.0     1.0    68.5   178.0    34.0 
      72.0
       2.0     1.0    21.5     7.5    54.3    71.0 
       2.0    28.0   125.0     2.0    63.8   126.0 
       1.0    31.0     4.0    73.0   180.0   130.0 
     200.0
       2.0     1.0    21.0     8.8    49.3    54.0 
       2.0    28.0   105.0     1.0    62.4   120.0 
       1.0    29.0     5.0    71.0   170.0    84.0 
     120.0
       2.0     8.0    22.0     9.1    56.9    86.0 
       6.0    28.0   145.0     1.0    65.9   152.0 
       1.0    33.0     5.0    72.0   210.0   204.0 
     108.0
       2.0     7.0    21.0     8.8    54.7    68.0 
       6.0    29.0   135.0     2.0    67.5   133.0 
       2.0    35.0     1.0    78.0   205.0   250.0 
     500.0
       2.0     5.0    22.5    14.0    52.5    72.0 
       5.0    29.0   130.0     2.0    65.2   155.0 
       3.0    35.0     1.0    74.3   246.0    30.0 
     100.0
       2.0     1.0    19.5     6.1    53.3    60.0 
       1.0    30.0   102.0     4.0    61.6   109.0 
       4.0    31.0     4.0    75.0   183.0   108.0 
     120.0
       2.0     6.0    21.5     8.2    55.2    72.0 
       6.0    30.0   132.0     1.0    67.2   137.0 
       3.0    30.0     2.0    75.0   200.0   100.0 
     400.0
       2.0     5.0    20.0     6.6    52.2    59.0 
       6.0    31.0    98.0     1.0    61.0    95.0 
       1.0    35.0     4.0    64.9   144.0    69.0 
     180.0
       2.0     6.0    20.0     6.1    57.4    76.0 
       5.0    31.0   110.0     3.0    65.9   128.0 
       2.0    36.0     5.0    68.0   147.0   100.0 
     175.0
       2.0     8.0    20.5     8.3    52.8    83.0 
       7.0    32.0   230.0     1.0    62.6   238.0 
       1.0    31.0     2.0    70.5   233.0    60.0 
      78.0
       2.0     2.0    20.8     6.4    52.2    60.0 
       1.0    32.0    97.0     4.0    61.9   118.0 
       4.0    33.0     4.0    74.0   180.0    36.0 
      96.0
       2.0     5.0    21.5     8.4    53.8    57.0 
       5.0    33.0   113.0     3.0    65.2   128.0 
       5.0    32.0     4.0    69.0   150.0   107.0 
     190.0
       2.0     5.0    22.5     9.1    56.4   102.0 
       5.0    33.0   201.0     1.0    64.2   191.0 
       1.0    37.0     1.0    72.0   254.0    42.0 
     143.0
       2.0     1.0    21.0     9.8    55.7    74.0 
       6.0    33.0   121.0     2.0    66.1   155.0 
       1.0    35.0     4.0    71.0   190.0    37.0 
      84.0
       2.0     5.0    22.0     9.7    53.9    77.0 
       6.0    33.0   145.0     4.0    64.1   142.0 
       4.0    38.0     4.0    74.8   208.0    90.0 
     208.0
       2.0     6.0    19.5     6.2    57.0   126.0 
       6.0    34.0   118.0     1.0    62.6   126.0 
       2.0    30.0     1.0    69.5   180.0    65.0 
     200.0
       2.0     6.0    20.0     7.4    50.1    62.0 
       1.0    34.0   105.0     2.0    60.0    85.0 
       4.0    50.0     4.0    67.0   157.0    60.0 
     110.0
       2.0     5.0    22.5    10.0    58.6   115.0 
       5.0    34.0   110.0     5.0    64.6   129.0 
       5.0    29.0     1.0    71.0   270.0    90.0 
     221.0
       2.0     6.0    21.0     7.8    51.2    69.0 
       6.0    35.0   124.0     1.0    63.9   138.0 
       1.0    35.0     1.0    70.0   200.0   100.0 
     180.0
       2.0     9.0    21.0     7.1    49.9    71.0 
       7.0    35.0   112.0     1.0    61.0   120.0 
       1.0    35.0     5.0    67.4   163.0    88.0 
     231.0
       2.0     6.0    21.5     8.2    48.8    56.0 
       5.0    37.0   143.0     1.0    63.4   161.0 
       1.0    35.0     1.0    70.5   180.0   200.0 
     380.0
       2.0     5.0    22.0     7.9    56.6    86.0 
       5.0    38.0   250.0     1.0    64.0   232.0 
       1.0    44.0     2.0    68.3   244.0    40.0 
      35.0
       2.0     6.0    20.5     7.4    53.2    70.0 
       7.0    38.0   120.0     1.0    62.4   121.0 
       1.0    44.0     1.0    68.0   165.0   121.0 
     184.0
       2.0     9.0    20.5     7.9    53.9    66.0 
       6.0    39.0   122.0     1.0    63.2   134.0 
       1.0    36.0     1.0    73.0   175.0    80.0 
     130.0
       2.0     9.0    20.0     8.1    55.1    73.0 
       7.0    41.0   130.0     1.0    67.9   135.0 
       1.0    48.0     5.0    73.0   190.0    80.0 
     146.0
       2.0     2.0    21.0     8.4    53.8    65.0 
       5.0    43.0   135.0     1.0    65.6   166.0 
       1.0    45.0     1.0    72.0   220.0    89.0 
     132.0
